-0.444187694
1.111614582
-0.692511417
1.134531503
0.217050685
0.259831852
1.418108369
-0.276532563
1.677323573
0.335105344
0.846964682
1.51265027
0.033452235
1.965689389
0.282618557
1.218998861
1.338314266
0.172694995
1.944099366
0.03600013
1.330927885
0.896895116
0.129641008
1.620908335
-0.372055875
1.198741076
0.251333934
-0.052821271
1.066094963
-0.858635832
0.892468351
-0.486529572
-0.290127323
0.394769638
-1.309716053
0.51639528
-1.18010108
-0.47953602
-0.259556249
-1.607721855
0.181477395
-1.698387497
-0.528412087
-0.775496781
-1.660813843
-0.023148457
-1.94534877
-0.380147895
-1.070791272
-1.42669608
-0.052488015
-1.881249935
-0.031150888
-1.119357392
-0.925024403
0.083651947
-1.530937126
0.465481626
-0.954438762
-0.23523305
0.324255124
-0.977113079
1.010695897
-0.657303293
0.519873189
0.573974393
-0.340303447
1.482154273
-0.334480882
1.200957122
0.729029329
0.249596167
1.763406472
-0.089314227
1.683072927
0.705602995
0.683300194
1.772472208
0.005046035
1.883327895
0.463576159
0.896427649
1.482832103
-0.075529184
1.778714844
0.019562826
0.882335669
0.931623198
-0.300167858
1.40992176
-0.554169561
0.690555144
0.212913189
-0.591336267
0.870313674
-1.14484027
0.411435054
-0.542465728
-0.845400884
0.28285843